Position: -716.0457763671875, -921.4512939453125, 19.013917922973633, -24.000778198242188 - s
Position: -20.840431213378906, -699.7188720703125, 250.41355895996094, -59.180389404296875 - warehouseTest
Position: 3.583505630493164, -687.309326171875, 250.41355895996094, 110.58699798583984 - warehouseTestSpawn
